4428.49083313
4205.05087527
5297.13877296
3833.58321697
5293.81645722
6033.18369357
3654.9199551
2851.784875
5014.75546766
5737.94146992
5625.25200489
4644.21835992
4049.6174813
5035.60292692
3538.83753063
4336.24857539
2097.55758715
5212.80541479
4709.27200122
2366.92363281
3493.4373788
2950.31383511
4629.66842527
4477.42743606
4041.58535834
3250.48264683
2980.47856102
4292.26110192
4644.33417255
4279.32961872
5198.98836913
4069.11180586
3861.59137806
3307.37649436
4848.07146602
3029.53163923
4414.19183764
3766.45968602
4232.18868247
2504.04560068
3712.82742533
2043.42886733
2872.91030995
3341.3244362
2108.77305357
3771.3599132
2372.89133771
3186.3909916
3216.9812459
2996.37054441
3683.94632449
2572.96498425
3300.78189283
1763.3314625
2192.91043849
2243.97088068
2566.11387813
3672.38344692
2314.06911211
3012.01310759
2006.48292458
2672.03179184
2056.01794399
990.498291877
1831.10743569
2128.03801008
1422.83305593
2900.37754868
2077.3252525
2652.51785564
2294.19174544
2399.81429223
1598.21548665
1911.97419725
3946.07454875
1318.91685353
1505.01182736
2619.22324166
1380.96217015
2270.61476554
240.621932989
303.107884388
431.007428378
244.774201584
536.02364531
191.172717721
470.440650892
223.791141522
5627.87016448
1297.0774229
2214.99453792
2891.26611022
3626.42774276
3770.18349071
3690.40705793
3657.99547292
260.392542211
494.903984025
482.901904829
600.459337094
