8981.75468372
7115.17911765
2905.7106904
1814.11665261
1365.74961335
4803.01437739
2099.98770663
2899.06178593
5947.35376335
1505.23087747
4731.3396575
1723.30613689
178.069188786
2319.51563031
2712.36572471
1183.4201066
7896.27410615
7923.28942677
7548.52242661
848.932722369
778.958736482
662.50310611
520.885239969
2435.41337261
10326.6383985
7452.29700096
3098.00911423
3611.13799312
3397.63452083
3965.4913511
1767.17369931
3244.04851964
2176.45926655
1252.95256321
3967.40101034
5938.86713038
3207.12374857
6362.45272885
5374.73996685
7443.96400847
3486.22177401
2846.99842049
491.270495267
588.833138472
379.165538834
489.127842505
1641.46221878
2259.08348729
2697.01376791
6265.31709996
7428.81692736
2183.91423077
117.850032373
5657.52069323
4462.93158175
2030.82011534
634.350379813
7286.6832535
1222.03444353
527.616640368
405.95991113
2179.78595887
1894.64400188
10371.0489483
3929.16194374
8377.81944949
333.962612192
10727.4787957
2915.18489448
926.057434176
1762.82845396
3039.87401536
5872.21523109
5122.72798261
1195.01744455
2059.29269126
988.191782021
124.409165449
7635.04698202
5468.75988981
2022.35987144
8672.32079176
3909.81985679
4434.7667678
2186.14855638
1106.65961153
1160.0153847
3966.51747115
11008.6088536
7085.8731418
1173.11106385
713.313656245
696.294428455
82.5629113511
7442.28535834
11244.5787719
6676.18213907
734.457836432
2300.19831287
6989.3381898
8026.76320557
636.526267972
197.357037338
4105.5043492
394.041034591
4154.2197924
6786.01348629
5442.40334621
816.030074564
114.255175471
10003.6455169
7583.24344452
3358.24783531
1255.30082533
2999.20578545
6228.57250535
3062.30255334
6107.15510864
965.097790542
8849.54724463
4391.47338193
1535.16574446
3773.83119974
3199.65720854
4298.87487775
9799.34236175
7823.54484731
2806.16698822
2862.13445814
3906.32393447
2248.82384294
1892.55784903
9049.70696835
2332.8999377
1792.71949736
1321.0307134
171.895379276
450.697947624
1660.95109363
1302.71439684
180.690959026
1779.41212891
5630.05387722
1773.54655418
1342.77079021
581.588557374
4573.03579877
3754.75095647
10256.8885631
2553.81019561
5523.66640025
9172.18830607
5273.3392951
4447.78354053
3307.24349457
6155.75025453
10188.6012619
3520.41562472
6190.82109181
4768.14203018
3960.67296693
5265.53603205
4330.98448705
4356.64670329
3318.67122335
629.933172626
1081.47035722
548.366090703
4411.06134266
3023.27298577
8389.03462063
747.671236773
3244.90805017
516.886922306
2288.45487586
4013.90885375
982.817390919
428.236357057
433.094557037
7159.26904147
2412.97609419
1849.12636265
4990.07815242
5220.80423135
2738.74637517
4614.52566753
5846.33758766
8020.11931631
1533.62912491
2823.01013506
3157.22529836
723.724890026
1806.79090391
2321.51482809
226.116205414
1624.22333156
1465.79858704
632.700755496
1705.35508575
3028.22632394
4055.71487996
1079.6322944
3997.39527829
5584.66880361
3207.59779459
2517.75096229
1448.94693467
1742.56586948
160.698797472
7278.44165805
3697.2147961
195.486767663
661.588659957
1380.27527342
1176.83852665
354.62663239
7383.71541592
3355.71579294
3114.22912698
3817.11830285
6357.77460229
2321.43505961
1692.96164142
4128.91815118
3889.65764489
818.708638425
353.629453602
917.53890772
599.690136986
3301.59305468
3483.56737419
3137.52623958
6878.91329611
247.966658791
1712.13894574
2590.31048644
3894.43290998
322.634511594
3001.29204143
2907.18890712
3273.99656851
11184.3766544
411.643842865
2391.54158712
261.665400296
7203.77511174
6759.95091188
3337.29012287
6756.27895278
3140.46780373
2294.79963356
7916.33688459
2932.0509992
6695.00807234
1796.2987798
8035.02456028
9785.060255
7944.77852152
6289.60762325
525.329421335
3239.33840678
2647.74681579
1569.49234337
774.253831763
761.47627464
1473.49230394
2011.15620068
2063.07182557
3140.99198412
1172.40683781
1926.41916118
637.901149657
2765.33153984
4521.10810665
395.320047373
319.435065696
1319.87967437
5617.50640692
4604.5393499
7414.5280301
1156.41705873
6339.57245777
1706.15948435
4651.86343211
7073.14219499
268.304822212
1618.87938422
2124.20177206
4107.28917501
2055.68391556
5843.58797102
8122.58052126
6798.28589706
997.531702449
3072.55822154
5331.79741586
5164.18282972
334.46319287
6108.29650353
6598.27398304
1815.96403807
1884.71844663
3732.09658169
2441.35383547
8809.1611145
9648.55056333
4316.4764504
2624.35793106
763.187458506
312.350832361
9700.58357119
6522.36005014
7038.7921428
3152.06252595
6626.4738685
1899.52558873
3353.07793472
10185.0935205
2189.58123999
7249.91320088
8304.60629016
8229.69494101
9129.50587765
3279.65031548
1232.00673146
3625.96150139
2681.40154207
8933.74090002
2158.60292303
494.260164907
2575.52999769
597.514313958
4820.38812361
3093.15286427
1668.33698726
1758.76490059
4091.87333947
2984.73841163
2978.52381056
7626.08358297
5095.95364949
1293.65025265
6334.96983276
628.434636779
6002.9001828
4969.25727793
1167.18923179
2056.92145
4008.11728167
3635.67592189
6151.8547817
69.2513102121
3941.80392167
5422.55949024
10306.8257407
1410.96483563
875.360804888
1575.85183337
6396.77624061
1190.4674477
1191.28846744
3419.18391492
7335.83343478
10813.3448355
3765.30742812
1806.30563183
6519.52855053
3780.95858405
7919.36584849
4988.2260086
3634.63950158
221.498015588
3975.90565508
3471.07759286
2797.10463811
6933.00654924
4638.26089279
8871.92238722
84.2090790637
279.666637053
47.992132847
1275.29157705
179.553774526
63.9396992068
4047.02208323
2937.76635497
6879.38211806
764.706529455
414.022732199
8299.97128872
8958.76721438
2944.49251311
4995.11789874
891.840479818
2126.7046952
448.30777003
10140.1741953
2621.2144665
10861.2215954
6818.19659749
5610.68668904
1066.35055295
7330.15368086
19088.7727412
3583.6079493
2333.74590772
2664.74879094
1766.0928053
439.479118712
6340.99117604
6500.78593908
4144.0006449
2370.75026418
1921.26905264
1986.90874336
1296.7572988
4618.06233296
5635.94263307
497.36404769
4427.74646942
4642.640121
3222.52684217
1378.85797291
11821.0898933
1916.76178893
2619.54703509
567.574905281
653.63560016
1135.77543072
10933.4683987
2896.90076811
1377.7014871
4542.67331463
6318.71124579
11711.0794461
1505.79591704
4742.56276744
2288.79907554
2680.57909683
247.005198355
1053.90867334
3953.9183589
2706.10313158
4576.84265391
1026.34265832
3261.17295942
9269.39007191
1795.12668515
1770.87634722
185.676397186
1744.4442927
1718.66155506
6707.21032032
3291.89846987
409.601332554
2020.99456684
2935.46887219
529.340736047
982.69469276
4591.85743395
11375.6892189
4644.00613328
391.544814661
3951.03635866
5538.75483606
5335.00214512
2146.34392156
4445.00863726
1932.19918474
733.170729053
994.545516237
6294.63822143
566.644237545
9169.79919462
2690.84378291
1341.15818067
316.903679086
1210.61059428
328.372478351
4564.42639359
1808.36403242
497.523391136
1310.77800914
2954.35457663
9351.84954185
1951.09490898
1605.13048879
2246.68634069
3040.08079509
1810.92534283
5331.7748744
7597.84653145
3965.95038146
3846.92027192
2701.88940426
306.604609375
780.523683177
297.993720898
1655.16914341
1529.97890353
1625.04388528
2121.07903805
3589.49582229
519.067053297
4375.97701731
1181.51306856
7117.05266193
6006.08171781
78.2014848553
4558.64929175
10142.2282767
7466.27838464
8595.10769229
472.62406247
2972.46193801
1705.98379137
1175.32949805
3017.14208669
2746.53801298
1936.68793987
7654.37730198
6465.62431647
10761.7369866
4071.20751759
4540.5788648
5722.57710656
3111.70341096
3569.50206592
3770.2164074
184.825338454
9677.54174764
2608.9234207
3844.99226607
8245.24113013
1679.64330895
4203.23524565
664.135542778
824.774728995
2001.86536306
453.737801109
7546.46505034
1557.12094833
2607.55633224
1959.37088797
3839.91321469
1577.05727835
3188.24934932
1958.84158987
4609.85379327
7926.236514
5434.70931263
3944.34801535
1190.98867588
2514.70314553
3647.68806907
3226.61452018
1119.04845661
545.960699409
1531.67272515
10075.2125816
7407.97879563
2853.32261577
1896.80204286
2795.20325158
2117.25763049
5623.70718456
9548.87276788
713.165768919
1960.65653613
6571.99027294
2223.04478595
5662.4497166
1837.9197888
497.911667237
2282.90553913
1549.80566808
1052.58684068
5566.17361299
1793.72435393
1015.7646729
3486.97927972
2566.6561881
1926.46555828
2874.59918658
3716.99439897
5349.7048124
735.931642599
2114.98523921
2146.35195087
5433.6845877
2757.39891965
4843.29774373
12476.4304026
8768.15496763
3206.61921364
251.866550894
1231.78855965
1976.09957556
10903.1976227
4746.16922545
373.180554341
4454.23163214
10356.9541066
3600.74467459
7180.04716506
1941.27285338
2087.2840123
1384.98724133
1610.91114354
2710.46730143
4796.86929161
5140.63982606
4520.73165208
2987.53435577
2973.12728801
7220.06672878
6768.11839196
426.136294254
348.331253522
791.739846874
3648.59554518
10412.9697085
174.572488912
1788.90247403
6060.86138368
988.4468711
1606.00470793
2964.8107523
2443.12219702
6403.57491832
7090.30951794
1440.88568014
753.050523834
491.426422938
6898.58975737
909.08138124
3333.69261119
3965.43072377
6544.58973761
3122.11009116
3562.22049424
7294.98773873
2144.52408205
407.67216846
2419.6066261
298.988875304
983.656613835
5034.82948778
2231.96355898
7215.53101844
6519.09918727
250.288216696
1498.18115036
4709.07579659
3560.9570728
1181.03970652
9025.34957624
2310.79722947
1735.74221508
3130.83154027
1091.29650354
1501.68830283
253.981865868
338.189569801
2380.90267205
7802.20034698
1154.47187927
5659.08445397
92.8357980189
2766.12830362
376.200803489
1458.71493322
2900.66615331
277.394772349
1079.75818695
3908.54287068
475.378381044
10332.7679776
7870.13342435
752.964178665
674.814553596
341.016361086
3973.73563257
2924.78203536
3100.80032296
2588.76227348
8962.79461825
727.544320881
7477.56098941
8523.46697905
2991.92291442
4641.08069977
2086.00355875
3353.10595072
7494.00506667
1442.6966611
3722.26259194
5258.70709198
1096.35954081
680.660520027
797.721492871
2627.22607525
2158.5525329
636.800917059
686.354260675
1564.6686351
6182.67230077
453.411224009
311.391898119
2520.94166717
4261.74012458
10477.8579494
1427.44289271
2113.920211
912.046155932
626.88898581
1731.14865205
3104.67899415
1652.87650033
297.483411272
771.655646508
491.758582644
2220.98966058
2385.39398983
4583.00171453
2909.31873145
5240.28294397
227.859283819
5451.76320436
7622.52883668
4030.8826785
2371.49985029
5948.82996008
2784.71608181
5294.76572862
1451.67201778
6745.41860618
2745.98650744
727.392140332
316.697314185
1082.76329919
8503.84921848
1402.01046129
3849.64736431
136.797721207
733.512930639
538.105592455
314.980522341
2579.915547
2644.16322616
7151.63445914
163.056954518
3931.98351608
3824.31053348
6700.4344246
7966.53340646
5075.78407965
5392.00515651
2987.35165709
1301.20228933
145.173610081
1902.6630179
6037.24263649
989.707126807
127.953628965
917.050640375
15010.5654273
10414.5838687
3077.48694403
177.209880304
4721.8891831
4961.63496855
4715.17829657
2806.86419562
261.116561783
8162.27700831
5252.63150815
3998.05470135
5734.20625608
296.454140597
925.799893351
17730.4882522
2449.49752767
932.854335471
315.374116741
966.965154908
1048.18946318
2893.03235369
8267.6753265
7954.84272271
8200.65645606
3050.79028859
10045.6436555
2942.98136762
2799.15980704
7668.18492372
903.006256376
9940.49670481
3784.5338889
3112.60752221
379.457556351
8553.1460844
607.35893675
3062.1000481
2462.67531215
2362.66805546
6815.09149446
10197.8091791
7923.64749019
566.49836475
3409.94379245
2983.06265261
3702.97652826
680.407248407
6488.14961776
11656.4428567
890.063867006
185.347217407
15280.9138118
7840.91196965
2697.28603104
6455.25974338
4193.8084827
2651.18647137
10730.2260293
5418.9181741
1471.93197711
3392.5554628
1536.70309414
291.49343434
6397.01855023
7090.2180817
9220.21011433
4161.61545768
3534.882312
1692.39688585
1880.27415815
2729.59494171
6737.40237674
5781.48036867
3645.09592072
788.435629286
4202.40924245
1586.02324103
7222.76681906
922.778181545
4714.18007955
4681.74489896
6077.49038395
6325.55276843
856.63125045
5977.70047427
1260.40516808
13576.6270599
6362.67323375
2942.61374192
3251.5574516
3588.27970329
5973.37184771
4643.01770418
1385.78366523
7497.00617706
7838.30784422
800.179643565
1619.47148351
5437.09826922
1468.82160743
1794.84421146
8913.91083743
9372.58061827
60.7834545237
5168.12592936
1752.78786013
6013.09704225
1306.22808392
8069.65851497
882.180352196
2180.72531968
3245.15795579
553.487253511
5362.90752685
389.567085668
5486.38021413
1314.14967321
1113.65803179
465.952073157
1968.68208107
704.718331883
2002.79279985
1625.16108658
904.325525057
1482.20447509
12211.4040163
3489.22362433
5876.01636369
281.942554005
6162.5485409
641.198926486
901.217628244
5628.12802135
194.751285846
6804.08084005
11048.5951201
6172.62863012
606.422947316
2284.87260587
5673.60654543
1854.37627285
3335.66968445
923.224803373
5050.11412288
6738.20036235
5915.91425362
2624.8762989
5310.89209147
352.429009878
1971.47774432
4843.24614416
5958.01301643
8067.53448883
2546.93254924
6757.35933382
5256.15001483
6682.65318864
4936.53882906
2990.3850993
3037.2086713
528.285992888
52.948047596
3645.05608054
6075.43287795
476.069320886
9652.96190329
8174.47277373
5092.9682446
2265.87282007
3010.30127066
3152.13209694
7103.64890652
2646.56121027
1242.8717667
807.783763228
969.812247967
2506.75724436
4321.59178985
3110.17848834
2934.71880713
1678.72899438
5053.18848397
4148.78359554
9384.87245761
1326.08024704
4799.58152667
756.052055605
163.30078059
4812.32096034
4694.56103281
8209.57374604
6247.98631747
5414.29072302
903.922141055
743.160658443
9902.5478037
2620.78796561
2617.56145382
8602.04274575
994.124917359
3036.88250295
585.85889022
575.593415004
44.4450577959
3121.13334728
7881.60376215
6202.46197277
6177.44722407
2776.39425344
8675.97699861
1805.37909784
3257.4300837
5824.5192835
529.846552162
1809.07491204
3776.80493668
1773.81758225
3043.64518645
1586.4827045
1179.75686339
5999.11165114
1006.31726124
5125.0153638
1052.40483822
636.882790453
1118.04060249
3381.9375167
5094.75677776
11760.6356899
5968.37853242
1299.6616637
847.611039161
3949.5400726
4641.33361138
178.949379113
7612.34497346
358.489664662
528.488726525
3427.58950229
9065.318599
63.6614315697
2750.98240904
314.955084876
250.088640492
825.949047113
1662.07957307
3287.08350202
519.689515819
6495.91964573
3672.33278099
105.898974586
256.201382048
6620.65858814
1340.25475319
5765.05057886
5177.98208347
9262.62685798
477.060676428
2633.75984471
6763.89058885
4009.05851871
6391.99647154
2228.20262482
2045.32243947
2543.00046007
4649.33742845
3047.60580653
2280.45983278
1145.49437283
11732.3081273
2994.85562951
253.570841843
1012.09246676
4791.17208893
2833.64745032
8140.85247261
4477.3175167
1883.17631498
8350.89492046
9645.62839849
2963.77377895
2225.545279
2633.2401335
485.809074647
4046.93385902
3443.79707538
5573.22920871
3126.00671554
2991.00687934
1219.97957654
457.223696452
4428.68228117
1091.23972846
844.308570263
